O 1.7814 -0.8417 -1.3314
O 1.5561 -3.5189 -0.8155
O 4.0971 0.8070 -0.4977
N -2.8711 1.2053 -0.2951
C -0.5026 -0.3490 -0.8699
C -1.4704 -0.8215 0.2275
C -2.1785 0.4519 0.7736
C 0.4755 -1.4320 -1.4253
C -1.2818 0.3265 -2.0087
C 0.4397 0.6332 -0.2721
C -1.1878 1.4201 1.4693
C -2.7481 0.6075 -1.6347
C 0.1455 1.5158 0.7682
C 0.4040 -2.7552 -0.6252
C -0.7544 -1.6484 1.2617
C 1.7245 0.3278 -0.5998
C 0.1446 -2.5537 0.8500
C -4.2851 1.2044 0.0344
C 1.1996 2.2713 1.3097
C 2.7931 1.0729 -0.1022
C 2.5187 2.0767 0.8453
